1234
1111
1337
0000
1984
6969
5555
1212
7777
6666
4444
1987
2580
1991
1988
1977
1976
9999
1993
1990
1985
1981
1973
1488
2323
1986
1982
1978
1975
1701
9876
4321
1980
1972
1313
1122
1024
2312
1996
1983
1979
1974
1971
1968
1818
1357
8888
4242
3141
2008
1995
1989
1966
1324
1210
0303
8989
8520
2903
2222
2005
1992
1478
1414
1410
1314
1221
1209
1102
1012
1010
0815
0007
9527
8008
7272
5150
4680
4371
3579
3333
3234
3003
2892
2612
2602
2468
2255
2112
2109
2013
2006
1999
1998
1997
1994
1970
1919
1912
1906
1776
1717
1612
1512
1411
1310
1245
1236
1224
1201
1123
1121
1106
1104
1103
1050
1011
0911
0909
0789
8791
8723
7896
7890
7854
7853
7788
7474
6743
6667
6619
6069
5760
5699
5566
5465
5434
5394
5242
4862
4848
4741
4711
4564
4412
4330
3794
3334
3128
2991
2929
2906
2901
2812
2727
2710
2704
2662
2626
2525
2522
2511
2507
2505
2504
2501
2486
2434
2412
2411
2365
2342
2332
2311
2310
2308
2244
2205
2176
2172
2114
2012
2009
2002
2001
1969
1964
1941
1937
1928
1921
1812
1809
1800
1770
1710
1707
1601
1593
1477
1469
1452
1392
1379
1369
1331
1309
1306
1302
1299
1248
1230
1225
1215
1214
1211
1207
1206
1204
1203
1128
1112
1009
1006
1005
0987
0925
0907
0808
0707
0604
0430
0420
0407
0406
0405
0202
0115
0114
0106
9933
9900
9835
9812
9741
9595
9558
9452
9333
9315
9313
9289
9243
9202
9119
9050
8902
8899
8883
8823
8785
8735
8731
8717
8686
8662
8642
8633
8623
8582
8542
8523
8521
8457
8410
8351
8344
8311
8210
8118
8090
8004
7991
7921
7893
7861
7856
7801
7798
7773
7757
7744
7687
7568
7554
7532
7521
7441
7410
7351
7347
7337
7324
7291
7288
7283
7229
7215
7209
7153
7146
7132
7097
7025
6985
6979
6922
6852
6791
6727
6691
6654
6606
6567
6544
6541
6492
6453
6413
6367
6321
6263
6202
6128
6060
5982
5959
5885
5876
5847
5825
5702
5683
5678
5663
5657
5656
5643
5638
5611
5599
5584
5583
5567
5551
5534
5533
5522
5452
5445
5441
5432
5425
5344
5333
5280
5273
5254
5200
5138
5115
5024
5021
5013
4995
4991
4942
4870
4850
4839
4812
4796
4774
4734
4725
4702
4682
4652
4646
4620
4567
4558
4545
4539
4526
4512
4477
4455
4433
4421
4411
4324
4269
4263
4200
4138
4044
4041
4040
4014
3945
3875
3838
3812
3811
3791
3711
3682
3646
3630
3624
3596
3570
3566
3524
3510
3488
3381
3366
3355
3313
3231
3200
3137
3133
3103
3030
3027
3015
3008
3007
3006
3000
2990
2911
2910
2909
2905
2828
2807
2804
2803
2802
2788
2774
2761
2733
2712
2707
2701
2684
2630
2607
2604
2569
2552
2512
2502
2495
2490
2487
2457
2453
2430
2424
2422
2407
2403
2402
2389
2375
2327
2309
2307
2304
2265
2213
2212
2201
2181
2177
2174
2142
2115
2113
2108
2106
2103
2102
2101
2093
2085
2048
2046
2042
2041
2017
2015
2014
2011
2010
2007
2004
2003
2000
1967
1965
1962
1957
1952
1943
1917
1905
1904
1903
1902
1883
1872
1871
1844
1821
1817
1805
1758
1731
1719
1704
1683
1643
1632
1610
1608
1606
1603
1602
1598
1597
1595
1591
1590
1589
1578
1572
1563
1538
1528
1526
1515
1511
1507
1500
1485
1479
1472
1447
1444
1434
1432
1412
1405
1404
1397
1394
1377
1371
1343
1338
1334
1329
1328
1323
1307
1304
1303
1290
1274
1273
1265
1257
1256
1247
1235
1220
1216
1205
1196
1191
1187
1180
1179
1141
1140
1138
1129
1127
1118
1109
1108
1092
1076
1073
1053
1034
1029
1019
1017
1008
1003
1002
0990
0945
0921
0912
0905
0903
0898
0891
0813
0812
0804
0801
0777
0724
0723
0722
0712
0709
0708
0706
0612
0601
0530
0521
0507
0506
0505
0419
0410
0344
0326
0302
0287
0264
0258
0227
0221
0218
0211
0207
0204
0203
0201
0164
0156
0131
0124
0123
0120
0113
0110
0104
9991
9989
9988
9987
9979
9969
9966
9956
9954
9953
9939
9929
9924
9910
9903
9902
9901
9898
9887
9886
9874
9873
9872
9866
9863
9834
9817
9815
9803
9800
9777
9762
9759
9757
9755
9753
9747
9745
9744
9736
9721
9716
9714
9697
9691
9689
9684
9681
9680
9678
9667
9665
9656
9645
9640
9639
9611
9607
9604
9603
9565
9552
9550
9547
9540
9532
9521
9517
9516
9515
9514
9509
9498
9494
9477
9461
9458
9456
9436
9431
9426
9424
9417
9416
9411
9405
9393
9385
9366
9361
9360
9338
9332
9331
9320
9312
9299
9298
9293
9291
9279
9274
9268
9262
9251
9250
9245
9240
9238
9236
9233
9230
9224
9221
9213
9211
9206
9201
9199
9187
9185
9182
9180
9179
9168
9159
9155
9148
9147
9140
9137
9125
9117
9110
9090
9089
9088
9075
9070
9057
9051
9047
9044
9037
9025
9022
9017
9012
9001
8998
8973
8969
8964
8963
8959
8952
8950
8945
8924
8916
8914
8912
8906
8904
8903
8901
8893
8887
8885
8882
8880
8879
8875
8868
8864
8852
8850
8845
8844
8837
8836
8824
8822
8821
8804
8768
8761
8757
8755
8754
8747
8745
8744
8738
8728
8705
8699
8698
8685
8677
8676
8675
8666
8645
8625
8621
8614
8612
8611
8600
8596
8588
8585
8580
8575
8571
8569
8560
8548
8522
8519
8510
8505
8502
8500
8492
8489
8488
8484
8483
8482
8476
8471
8465
8464
8462
8453
8437
8433
8432
8430
8426
8421
8415
8406
8396
8384
8383
8366
8358
8356
8350
8347
8331
8320
8312
8308
8306
8290
8289
8288
8284
8282
8280
8270
8267
8261
8254
8245
8235
8226
8224
8218
8202
8193
8192
8181
8180
8175
8164
8162
8158
8157
8155
8153
8140
8123
8110
8108
8103
8098
8095
8094
8081
8070
8048
8040
8036
8028
8027
8026
8017
8015
8009
8005
8002
8000
7995
7990
7987
7985
7982
7980
7979
7964
7956
7952
7949
7947
7932
7931
7930
7925
7919
7916
7914
7913
7912
7906
7904
7901
7898
7894
7891
7886
7878
7852
7851
7834
7833
7832
7831
7829
7823
7818
7810
7797
7791
7786
7785
7779
7778
7776
7775
7771
7765
7754
7742
7736
7735
7733
7730
7722
7716
7715
7714
7708
7688
7686
7685
7680
7673
7656
7655
7651
7632
7629
7619
7616
7613
7611
7603
7591
7588
7587
7584
7583
7581
7569
7559
7546
7545
7537
7525
7507
7504
7497
7495
7489
7487
7485
7484
7477
7468
7466
7463
7457
7455
7452
7451
7437
7436
7435
7434
7433
7432
7429
7422
7412
7411
7407
7402
7396
7383
7375
7372
7360
7359
7339
7335
7331
7330
7329
7327
7326
7322
7319
7317
7308
7300
7297
7293
7278
7274
7271
7263
7262
7253
7243
7241
7234
7224
7223
7220
7206
7200
7192
7191
7187
7186
7179
7167
7149
7148
7140
7139
7136
7133
7126
7117
7114
7113
7109
7106
7101
7096
7093
7091
7075
7074
7052
7045
7036
7019
7009
7002
7001
6996
6987
6975
6973
6972
6971
6963
6937
6932
6926
6921
6906
6900
6892
6874
6870
6869
6865
6857
6848
6845
6829
6824
6822
6821
6820
6810
6801
6786
6780
6779
6778
6775
6752
6748
6732
6723
6719
6704
6700
6699
6694
6681
6672
6671
6669
6660
6657
6655
6652
6645
6642
6640
6636
6624
6622
6616
6612
6596
6590
6588
6583
6565
6559
6548
6546
6539
6534
6529
6524
6523
6517
6506
6503
6502
6494
6491
6490
6475
6471
6470
6466
6464
6458
6455
6431
6428
6426
6416
6411
6410
6400
6390
6383
6382
6380
6378
6376
6369
6366
6363
6352
6347
6330
6329
6325
6323
6322
6313
6310
6305
6301
6292
6288
6278
6274
6271
6268
6257
6254
6252
6247
6243
6242
6241
6238
6237
6233
6223
6221
6219
6200
6195
6188
6183
6182
6181
6166
6165
6160
6157
6156
6154
6144
6137
6135
6130
6119
6117
6114
6110
6109
6108
6105
6097
6081
6079
6076
6062
6061
6048
6043
6040
6026
6020
6017
6016
6009
6006
6004
5995
5990
5987
5983
5977
5964
5955
5946
5936
5930
5923
5918
5913
5911
5910
5900
5896
5889
5888
5887
5873
5869
5866
5859
5856
5850
5848
5846
5842
5841
5840
5830
5826
5818
5817
5816
5815
5803
5792
5758
5754
5746
5733
5731
5726
5722
5713
5711
5710
5707
5706
5703
5694
5692
5691
5689
5682
5674
5667
5665
5659
5654
5651
5650
5649
5646
5645
5634
5633
5626
5602
5600
5598
5590
5582
5579
5575
5561
5559
5546
5544
5541
5540
5521
5518
5517
5515
5512
5510
5507
5506
5494
5489
5488
5486
5478
5477
5468
5467
5461
5454
5430
5422
5421
5419
5413
5412
5407
5392
5391
5388
5381
5373
5371
5362
5356
5354
5352
5350
5342
5341
5329
5326
5321
5309
5293
5289
5288
5287
5281
5279
5276
5275
5262
5260
5258
5227
5226
5225
5220
5211
5209
5202
5199
5198
5197
5196
5186
5184
5182
5180
5174
5173
5170
5167
5162
5159
5148
5147
5142
5137
5133
5132
5123
5122
5113
5110
5109
5104
5102
5095
5076
5075
5073
5060
5059
5057
5053
5050
5044
5040
5038
5032
5031
5018
5014
5009
5005
5004
5003
5000
4999
4963
4936
4907
4900
4898
4896
4894
4890
4888
4885
4884
4879
4878
4872
4866
4859
4857
4833
4831
4829
4825
4815
4810
4800
4794
4791
4787
4781
4768
4758
4757
4754
4753
4752
4749
4745
4728
4716
4714
4703
4695
4691
4674
4669
4668
4666
4665
4664
4659
4657
4655
4654
4653
4651
4649
4640
4636
4618
4616
4615
4613
4611
4603
4601
4600
4596
4585
4583
4580
4570
4568
4565
4562
4555
4553
4548
4542
4537
4535
4532
4523
4521
4511
4498
4488
4486
4481
4472
4466
4456
4454
4443
4440
4439
4432
4429
4424
4423
4418
4409
4407
4405
4392
4391
4385
4377
4375
4369
4368
4367
4361
4354
4345
4343
4341
4337
4336
4322
4311
4304
4301
4298
4297
4295
4294
4291
4285
4281
4278
4274
4270
4267
4264
4260
4258
4256
4243
4240
4235
4231
4230
4228
4224
4223
4218
4213
4211
4209
4204
4196
4195
4189
4187
4183
4181
4180
4179
4178
4172
4171
4169
4163
4150
4144
4143
4142
4141
4135
4132
4131
4129
4128
4126
4121
4118
4116
4114
4112
4108
4106
4101
4096
4090
4085
4084
4077
4073
4065
4064
4063
4062
4061
4050
4049
4043
4033
4026
4023
4022
4018
4010
4001
3999
3990
3985
3959
3958
3950
3947
3942
3941
3928
3923
3912
3910
3901
3891
3890
3876
3873
3872
3868
3846
3840
3835
3825
3813
3810
3806
3802
3792
3779
3778
3774
3766
3764
3759
3756
3755
3740
3737
3715
3714
3705
3701
3700
3699
3696
3694
3693
3692
3691
3680
3675
3674
3672
3671
3664
3654
3653
3651
3649
3639
3636
3628
3627
3626
3615
3610
3605
3597
3591
3584
3571
3569
3568
3565
3559
3551
3547
3546
3543
3539
3535
3526
3525
3523
3522
3516
3507
3506
3502
3501
3498
3497
3491
3490
3486
3485
3483
3478
3477
3473
3472
3465
3464
3462
3459
3455
3450
3437
3436
3434
3432
3426
3424
3412
3407
3399
3396
3393
3389
3386
3385
3377
3371
3369
3364
3361
3359
3354
3344
3343
3339
3337
3331
3329
3321
3318
3311
3310
3305
3304
3296
3291
3282
3263
3258
3257
3255
3247
3246
3243
3242
3216
3215
3213
3212
3207
3204
3198
3182
3181
3179
3173
3169
3165
3161
3151
3146
3145
3142
3140
3136
3130
3122
3117
3114
3107
3106
3101
3100
3096
3095
3089
3087
3070
3069
3068
3065
3063
3058
3040
3039
3034
3032
3031
3021
3010
3001
2992
2989
2985
2980
2973
2963
2962
2961
2951
2948
2947
2937
2920
2919
2902
2888
2883
2874
2873
2870
2867
2864
2861
2852
2851
2846
2839
2836
2833
2830
2829
2819
2815
2813
2811
2810
2808
2806
2805
2799
2796
2795
2791
2783
2777
2773
2771
2759
2745
2742
2741
2736
2734
2728
2719
2716
2711
2709
2706
2703
2702
2696
2690
2689
2678
2677
2675
2673
2663
2661
2657
2655
2653
2646
2643
2641
2631
2628
2621
2619
2611
2610
2608
2606
2603
2600
2594
2589
2588
2587
2577
2556
2550
2549
2546
2544
2540
2536
2532
2528
2527
2516
2510
2509
2508
2498
2496
2488
2485
2484
2482
2478
2477
2469
2467
2465
2459
2450
2448
2436
2433
2431
2426
2425
2420
2417
2414
2409
2408
2406
2405
2404
2401
2400
2399
2398
2393
2390
2387
2386
2382
2380
2373
2372
2368
2363
2361
2358
2357
2353
2350
2348
2345
2337
2326
2324
2320
2319
2316
2314
2313
2305
2301
2300
2299
2298
2297
2287
2283
2278
2277
2276
2275
2272
2268
2267
2264
2249
2247
2245
2243
2241
2239
2236
2228
2223
2218
2214
2210
2206
2203
2202
2198
2197
2194
2193
2191
2189
2171
2170
2166
2160
2154
2153
2152
2151
2147
2145
2141
2140
2136
2132
2130
2127
2125
2124
2122
2121
2118
2117
2110
2107
2105
2104
2097
2089
2080
2073
2065
2062
2060
2050
2049
2047
2036
2027
2025
2023
1963
1961
1958
1956
1955
1953
1951
1950
1948
1946
1945
1944
1942
1940
1936
1934
1930
1927
1926
1925
1924
1923
1922
1918
1915
1914
1911
1910
1907
1901
1892
1890
1887
1886
1885
1884
1879
1876
1873
1870
1866
1861
1857
1854
1849
1846
1845
1842
1839
1837
1834
1832
1831
1828
1827
1819
1815
1813
1811
1810
1808
1807
1806
1802
1801
1798
1793
1786
1785
1784
1783
1781
1778
1777
1773
1772
1769
1768
1762
1759
1748
1745
1743
1741
1739
1727
1724
1721
1713
1709
1703
1702
1700
1699
1693
1688
1687
1681
1678
1672
1669
1666
1664
1655
1652
1644
1625
1622
1621
1619
1618
1617
1616
1604
1596
1592
1587
1585
1580
1575
1569
1567
1560
1553
1551
1547
1542
1535
1533
1530
1527
1525
1521
1520
1517
1514
1513
1509
1506
1505
1504
1502
1501
1498
1497
1492
1486
1481
1475
1470
1463
1461
1456
1445
1433
1427
1425
1424
1415
1409
1407
1406
1403
1402
1401
1398
1387
1386
1381
1380
1378
1370
1356
1354
1353
1351
1350
1346
1342
1341
1340
1339
1326
1322
1320
1318
1317
1315
1308
1305
1301
1298
1296
1293
1289
1285
1282
1279
1275
1269
1261
1260
1254
1252
1244
1231
1228
1227
1226
1219
1218
1217
1208
1199
1197
1194
1188
1185
1184
1182
1178
1177
1176
1174
1171
1168
1165
1155
1149
1147
1146
1144
1142
1139
1134
1132
1131
1126
1125
1124
1120
1119
1114
1110
1107
1105
1095
1089
1087
1086
1084
1083
1082
1081
1080
1077
1074
1071
1066
1062
1057
1054
1051
1047
1045
1044
1043
1040
1038
1036
1032
1030
1025
1023
1022
1018
1016
1015
1014
1013
1007
1004
1001
1000
0998
0997
0993
0991
0986
0985
0981
0979
0971
0969
0953
0928
0927
0922
0919
0917
0916
0904
0892
0872
0839
0835
0834
0830
0820
0806
0803
0802
0799
0788
0787
0779
0772
0771
0765
0754
0741
0739
0734
0726
0725
0721
0719
0717
0716
0714
0713
0711
0705
0704
0703
0702
0696
0693
0690
0685
0683
0678
0671
0668
0667
0654
0651
0650
0647
0645
0633
0625
0624
0622
0616
0607
0606
0602
0583
0556
0554
0545
0543
0536
0534
0529
0526
0523
0522
0515
0512
0511
0504
0501
0490
0478
0475
0470
0466
0444
0443
0433
0425
0424
0423
0422
0421
0417
0414
0412
0411
0404
0394
0391
0390
0389
0379
0365
0354
0347
0343
0339
0333
0331
0330
0329
0324
0323
0322
0321
0320
0319
0317
0316
0314
0313
0308
0307
0306
0304
0300
0297
0295
0276
0273
0259
0247
0235
0226
0225
0219
0217
0210
0208
0205
0192
0187
0185
0182
0177
0174
0172
0171
0142
0138
0136
0135
0133
0126
0112
0111
0109
0108
0107
0103
0101
0082
0077
0071
0070
0059
0058
0057
0056
0050
0042
0033
0032
0030
0028
0019
0012
0011
0009
0001
2451
3127
8644
8578
7648
4099
0479
0457
9337
1325
9074
4296
0003
5997
3319
1920
7723
9584
2344
9371
5194
7115
9739
8200
9846
7444
6155
9464
5858
9447
5152
6614
3245
7226
6092
9002
0936
7922
3962
3413
1429
0949
6603
3785
7090
0413
0729
1503
3588
6512
2959
3793
2814
9340
2053
2370
3995
5843
5320
2697
8971
0499
4328
7846
4709
5839
8374
3724
7600
6008
7615
7134
7490
7214
3623
2747
5201
0592
5509
2912
0580
6070
7250
9153
1691
0738
4993
3417
8313
8327
0588
6153
7822
9630
7016
5698
4619
6630
4820
5553
4347
9339
0017
6345
4149
1738
2896
2977
3445
5695
0620
4835
4265
6585
9352
1376
6762
4338
6046
6839
8643
6377
7915
3218
5906
8877
2537
9756
4627
3765
6601
3746
0941
6605
6244
3262
5228
6947
6557
9324
3598
6683
3536
8617
0482
0173
2889
5359
9562
6235
6472
8631
4404
5030
6176
9231
7305
2441
7486
7053
3771
4765
0195
5385
2270
4100
7258
0048
3609
5187
8605
8752
1471
2447
5491
4986
3074
3077
5560
4066
5427
9304
8833
5085
4289
1626
9749
2586
4109
2659
3698
4785
0542
1550
4364
7316
6355
6632
6280
9690
0962
4641
9343
7190
9266
5802
8459
7162
5417
3379
2290
8161
6099
7015
9572
3287
6607
8564
2660
5292
8701
0449
7169
2823
1078
6353
6002
7809
0566
5117
9228
0035
2423
4605
2458
7711
5679
6916
4331
7926
7836
2645
5753
4188
5986
9837
4860
6134
6849
5499
8234
6781
6211
8429
1633
2687
9439
7506
7038
0296
1070
2531
3589
5596
1893
9257
8143
0821
2329
8279
1281
2538
0456
3975
4738
4527
9294
8514
8065
1932
4011
4597
1157
9255
3073
6751
8037
8680
2642
0876
8535
0096
7069
6889
8007
2446
3013
5369
0465
0966
2211
6571
0861
1116
1640
0982
5597
6950
6880
9679
6872
3787
6349
5594
9123
3709
3886
7164
3518
8168
0100
9008
9971
7937
5386
4876
9864
2849
3119
8982
7047
8905
8817
5239
5891
4919
9107
2766
2639
7443
4582
9637
8463
0261
3155
8828
8043
2679
6547
8190
6595
3348
6833
7205
9423
6731
1154
1677
5039
7920
8337
5272
7475
7943
7261
8841
6049
6489
4954
3428
0063
5963
5789
9629
0833
2820
5552
6074
9336
9986
7248
5922
3253
4249
2824
2609
0540
2656
5070
6374
8058
9808
2473
0555
3444
8035
0516
1233
1855
7171
6695
9451
3827
2978
6513
3438
0125
5827
0038
7446
9573
2392
7413
6504
6064
3854
7770
3966
5118
4452
1780
6368
8748
3531
2826
9188
2077
0623
7089
7155
6430
5788
4934
5976
0242
7781
5965
7176
5686
0849
9162
6836
4333
3011
8733
9628
6984
5795
0822
3690
1431
1384
3079
7225
4990
8445
6239
9518
2030
9674
4519
1355
8543
7667
4764
5872
0480
4748
5447
3788
8789
1519
4663
8106
8834
0740
9444
7858
9836
4306
1518
5632
4926
6854
5580
8921
4751
7965
9307
5664
8413
5978
1361
5300
8527
1788
8987
6392
4002
5531
0735
9077
1312
9513
3870
4055
5492
1152
9404
6320
5387
6362
2686
7055
0128
6303
4207
3088
9951
3592
2449
8314
1635
3162
8546
3554
2338
6028
9827
3946
7182
9601
4931
1734
6000
3400
9907
0094
8770
9296
0148
3803
8329
6737
9118
7056
3090
2633
0954
3322
9889
3029
3421
3442
8925
1319
8978
1202
2637
9073
8370
0797
1749
7408
7004
4733
0932
3448
6772
4009
4320
6226
2723
5268
4048
9373
7377
7332
4867
3951
7011
7518
4638
6819
1766
1737
3656
3882
6742
3532
5655
4098
6648
3139
5756
5824
9567
8427
9782
0318
3205
9282
7789
4448
6208
6715
8166
2558
6936
1385
7368
1779
7968
6253
0357
1696
8049
1913
3328
8651
4039
5446
0867
9227
7531
2190
9093
0239
6295
0638
9194
1663
8114
2258
1255
9844
1523
8827
1796
6328
3969
4761
5950
9692
0448
2341
2858
5383
2927
5440
5127
8855
9434
0248
7608
3915
8746
5365
2554
9526
3612
4696
2632
5740
2545
0865
9021
8557
1939
2945
1531
8536
9592
9633
0153
6968
9163
7734
9502
4151
6180
3625
9785
5589
6763
5778
0643
7244
9858
4546
1532
4550
9543
8673
1877
4276
9659
3534
4177
9242
0119
1823
5190
0176
9582
8405
6067
0767
4227
2443
8809
6086
2173
5464
9295
0060
2237
0015
3817
8820
0277
3998
9066
6169
6879
2753
3126
1395
8786
2043
9039
8361
5348
4389
4598
3819
6445
1079
5250
7512
5871
2428
9833
5183
8420
5257
9711
9653
9832
0617
6031
1164
0882
9661
3542
9818
8046
3845
8574
9235
2683
1764
5519
0641
6978
4104
8962
3818
7307
4842
9843
6594
6948
6220
4262
5090
7594
6336
7644
3527
6982
7999
3316
8515
2765
1480
2489
8479
9116
9237
7358
6054
8684
9189
7216
8144
7800
1647
7281
1826
4851
7414
7936
3508
0132
0837
9636
6641
0628
0072
1169
1091
6122
5263
0398
8124
6143
2667
2623
3697
8257
6065
5323
4074
6034
7847
0881
5548
6409
8831
3944
3595
7026
5644
6234
2624
1198
7631
6696
0223
1613
1722
3104
0790
4910
0524
5581
6255
6370
5951
3833
6197
4633
1868
1549
1634
8832
3909
1090
2452
8014
9267
4916
7817
7849
3563
7528
5854
6876
3120
1544
1682
7023
4505
7320
0335
8134
5181
3773
6459
6958
4194
4127
8627
8109
4093
4031
0168
6439
6024
7212
8018
9214
1716
0558
7975
4474
4529
6457
3298
3867
4060
6538
1021
8986
8967
3842
5251
7794
0018
5577
7792
3997
6448
5865
5128
4504
7950
8287
5155
9610
6991
9809
2296
4208
4634
2955
7394
5429
3080
9420
2182
8915
7031
7379
4233
5376
9575
0262
0653
4522
9569
4960
6520
5046
7526
4244
7361
3134
8665
4462
8840
4802
7491
6450
3372
4372
1428
6898
6690
0977
0728
2196
8152
2233
5784
8655
6909
8052
5360
2474
2787
6799
3251
9218
9196
9626
4054
9650
7939
3857
2654
0836
5298
3301
9030
8549
5671
3425
2924
5379
0435
8790
1571
0689
1494
1565
0463
8125
0776
9671
5849
6087
9849
8244
9998
2259
9973
1374
9958
2074
8778
0573
7724
5375
7099
6319
6375
5571
4080
2972
3716
5414
0681
3952
4578
5727
5063
6871
8348
9035
1804
2837
2918
0491
7774
3276
8992
9810
5283
8412
9614
5586
2726
6175
5717
1453
0885
4921
0715
9488
6126
7983
0272
9472
0349
2397
7703
4168
5338
4004
2680
4017
5618
5901
2953
5735
4804
8622
2713
2526
3899
7710
9967
9109
8054
8760
9723
8595
9015
9225
5732
4397
5877
9193
6562
8874
1814
3055
0608
7170
5524
7184
0710
3707
4871
3544
0759
9186
3603
2970
2821
7544
9920
9400
2376
0290
9395
6113
9275
8099
6664
5543
2926
0384
9256
2969
3149
5459
4425
0809
4350
9709
8946
6212
0155
6474
2226
3342
0291
1368
2755
2960
7902
0939
6343
6785
5034
8283
7100
8248
4222
9348
0577
2691
3736
1931
7273
3629
4678
3505
4943
0632
4162
2187
2480
4744
3208
4102
7057
6955
7128
9643
7233
2575
8506
5868
6931
5666
2254
3176
7705
0374
0893
6094
8616
5481
3183
2681
7614
5372
2622
4974
2056
5944
6818
9970
3415
8501
9149
8238
9917
2739
2938
3172
9234
3360
8372
8232
7202
3583
5904
9619
0868
7553
7855
6001
9344
4349
5855
5777
3254
3380
1393
1348
3124
1468
6177
9693
4436
9719
6297
4342
7150
5681
9605
2289
2772
5640
9942
8559
3481
4202
8524
7762
1751
0869
3743
0467
5937
6387
6721
4329
3633
7079
0451
6214
8191
7256
8661
3521
1136
2500
5124
9261
0260
5619
5967
5770
8725
7704
6055
6537
5426
8884
1175
2986
9884
4575
6010
9541
9664
3800
4284
6823
2898
8751
6533
7390
9794
3984
7378
9823
6381
5028
0214
2976
2854
4690
6216
3042
8771
6676
7566
5105
1041
4056
8363
9921
2923
6148
8573
4630
7181
2183
6393
9175
9403
4157
9265
5832
7013
0196
9720
3440
7175
9620
9504
6637
9409
4628
2930
6834
7365
9158
6427
8533
9583
7560
4495
8806
3837
6508
6766
0557
1069
3041
6493
3356
3414
4918
7403
8926
6342
9129
6112
7841
8196
9657
7575
2876
8960
8846
3796
8225
9888
8819
0780
5878
7178
6864
9912
4145
8068
7749
4893
8135
9612
4814
6262
0193
0988
8694
8518
5940
2134
3026
4719
6928
7731
5010
6598
8242
9555
3195
9303
3496
9190
9715
3832
6488
2958
2781
8475
7189
9795
1189
9328
7899
8624
5980
2078
6527
2744
8554
9210
7718
5897
0926
4920
4544
8047
6946
3051
9335
1493
0918
6265
0224
0197
8198
4707
5343
7799
2437
7478
7571
5451
4880
0519
9771
4277
0958
1423
1482
3203
6722
0254
1638
8325
3250
8980
3259
4318
9034
8608
2735
6447
5502
1181
8291
1629
6574
7265
3391
0964
3166
5297
4217
4645
1264
1243
4160
9952
4782
5761
5033
5224
5469
2227
9724
7043
9427
8838
2135
6858
7166
9932
8229
0078
0250
8766
9668
2652
9468
5813
2718
0459
2860
7548
4015
4574
4457
4356
9566
3860
7346
8639
5097
0973
2435
5245
0087
7882
6479
6663
6787
7887
0146
9683
8030
8646
3180
1284
9816
4473
1048
5424
8659
3378
3384
4572
0824
8418
9581
4845
5380
0701
6140
7672
1836
5837
1860
8948
4844
8812
1949
1418
8555
7909
5420
9688
6385
4428
5635
4346
9471
2750
3879
0593
4334
2574
3446
4692
9935
6776
3676
5312
7217
4670
9609
6814
5084
5845
4924
0487
0245
4980
8994
8215
0345
8898
0137
0662
1438
2797
8474
9308
8670
5705
9311
7660
9563
0525
2705
9286
3768
9769
4856
5045
6456
9421
9378
8956
6773
0051
6080
0363
4676
7085
4261
7555
7880
0684
3980
9531
8878
3064
6803
1742
7046
9885
1436
3278
3312
2019
9852
6438
8816
3640
9590
0992
8360
0253
1464
4968
8810
4726
4739
4531
3575
6988
6401
1287
9496
9523
3577
0445
1609
2769
7318
4238
4822
2832
7883
4438
8156
8481
7835
8975
2914
9548
3062
9931
3197
0915
4979
2809
2020
0428
6730
4414
2334
9437
9143
9537
8460
1614
7064
3283
0027
2331
3621
0509
2251
0752
7471
9990
3996
7527
4750
8890
8371
0649
0437
4467
3844
9181
8069
2262
4469
8951
5403
0852
7035
0879
1462
4834
6039
6891
7404
3370
6420
4446
7524
3761
3230
6371
5443
7824
0568
8758
2231
1545
0889
8697
3757
4927
6164
8176
6656
7285
5179
3194
5149
2374
3898
4599
7551
6468
2570
3422
5769
7586
6883
7051
2168
2269
2878
8154
6804
1364
1573
7720
7362
1148
0340
0427
1705
3734
5029
3634
6525
6518
5720
5968
2670
9009
5554
8528
7889
0486
6484
6179
8201
7108
3014
2462
2859
5662
8480
7610
7772
9792
3964
4173
8266
9161
3269
7535
8031
9377
7699
9728
9384
7726
6339
6462
9804
4949
7558
2454
2252
5938
8907
5322
9511
9252
4464
1880
5178
8080
6735
0252
2475
1668
0285
0230
5291
6025
4441
8891
2590
3760
8377
9033
8073
0055
5140
8402
1645
3954
6769
8540
9505
5106
7382
9948
2770
3679
0666
6697
6795
9220
5247
0642
7842
0483
2071
6545
4689
6190
7684
0434
1898
6354
2061
6592
4956
8265
9301
9290
9597
4445
3685
1349
4152
3739
7494
7447
4435
3330
9247
1272
3443
5592
6258
4730
4801
2534
7753
8991
5953
6582
0438
0085
6204
4184
2571
0288
6980
5658
5786
9554
9059
5415
5994
2274
2776
9960
7296
5042
6647
8438
1295
7659
9608
7399
4024
9101
8274
6998
7533
9273
6432
0793
4113
0503
1891
5941
7669
8525
4094
9881
2175
7875
6193
8425
5693
0818
2021
7534
7755
8346
5631
3061
2664
2063
3712
9790
4566
5141
2922
7976
7369
2635
4358
8105
4704
7066
3452
7077
4806
2598
4497
5473
5588
4115
6999
4190
5051
9347
6003
9232
9049
7596
4886
4273
8551
8897
4981
5929
2699
6967
3441
5728
3784
3401
8100
4756
0373
1684
7868
9743
5324
3184
9128
2149
4083
7294
9727
9350
5615
9045
7948
2499
0310
7843
7345
7363
3418
7793
4622
9594
8145
0401
8720
1730
3769
8765
7549
9087
8776
2599
4967
6774
9032
4589
6924
7068
5243
4107
5857
5151
5351
2381
8910
6440
9545
7501
7654
9292
8051
6741
2890
1641
6895
2379
5949
9369
7517
3586
7977
7240
4003
5828
3148
2965
3289
0065
5077
8259
6832
4136
6078
6757
8189
8362
5377
5917
5925
8055
7480
6904
3919
4541
4891
1373
8977
1113
3467
6173
6397
6728
1352
8408
0850
5449
6587
7472
8411
7325
8568
4161
3631
7310
5974
9146
6970
7923
0599
9549
6227
2794
8388
4465
2885
3290
7712
7579
7530
7633
2273
0880
0129
3286
2476
3340
2325
0976
1829
4778
6308
7336
8012
9076
9387
8780
1757
8129
4671
3955
6206
8250
6014
4863
4925
8702
1933
0382
3932
5025
6956
1239
6806
0268
0718
9585
6855
0883
1396
7577
3303
2240
4302
0817
2068
4431
6646
5094
7286
9919
6997
2620
4779
6038
1540
9740
9493
4332
3270
6702
7120
9323
9342
4865
3949
3558
8736
7520
0581
0968
2548
3683
4357
4869
5185
3362
6688
3487
0500
5523
5831
6995
9334
1899
5912
4905
8397
4193
3211
8872
0591
0626
1100
7804
5775
9616
3186
2523
9738
9329
1929
1160
6860
2565
5081
3561
5271
3226
4362
5725
5616
6711
0578
9615
2371
0533
2069
1483
2884
0154
7509
4426
8138
3325
4610
8530
9644
9805
9365
6628
4644
7006
8477
2939
4584
5083
9460
3071
1267
8858
4970
9694
6942
0397
1649
6125
7820
8172
8121
2676
5144
0897
4789
3528
4327
3210
8696
9000
8399
4174
9647
4901
5274
6063
8391
3650
5578
2084
4592
8598
2295
2831
1726
8042
3492
4360
4070
1037
9868
4517
6675
9686
8664
7580
9859
2592
0942
6030
0894
9134
0200
6817
9142
5249
3435
2514
4198
6056
7986
8607
6747
6103
7729
5614
3887
6981
4811
4503
1278
5972
2494
4307
5867
3163
5396
0439
0853
4483
9244
9368
0432
6404
5366
3537
1875
6159
7338
8326
8273
2887
6725
5853
4384
2470
8784
0441
5325
1588
8086
0832
0342
1599
4313
3345
0275
9239
7866
7967
3663
6705
3798
6851
7830
5673
0179
1347
4047
3729
4239
2539
0634
1133
8389
3834
3931
6298
7574
3185
5399
7260
9918
9390
3924
6708
7204
7156
5757
0473
0810
6707
7508
8700
7469
7470
6150
0866
1843
3986
1765
4902
8016
4400
3350
1362
5100
8252
0737
8416
4205
7208
7059
5156
5741
3782
7044
3744
5762
6085
3097
5232
1271
8398
6868
5503
8609
3538
4718
5715
1852
5525
9457
9752
7634
8167
0746
6635
7713
6218
7751
6556
3587
8708
0241
9288
6739
6897
7094
7381
1458
6317
0727
7740
9309
0045
5587
7850
0175
4515
6599
9748
9263
5536
6720
9446
6296
7125
0220
6615
5999
6745
6746
6326
9399
9652
6528
6977
9623
0039
7252
1439
2853
6912
8944
7328
0074
0231
2627
8442
7014
8316
2762
3110
6184
9646
0392
0644
0517
6825
4694
0538
0520
6514
2729
4959
2557
7242
8513
3726
3970
8749
4957
2692
2789
3512
6090
1491
1548
3347
6434
4413
4339
7020
3433
3108
2143
5049
3217
3607
1735
2993
3076
3777
7877
8648
9310
7737
5068
2250
8122
3105
7060
4165
0829
7130
8497
8704
4007
1246
9160
2949
9150
8854
1333
8335
0362
1437
7245
5808
5639
5458
4771
7257
6228
7796
6452
7264
5205
2850
1457
3718
2144
2335
5915
7356
3159
2161
2529
5130
4027
8687
9648
4945
8293
4699
5969
2688
9465
4496
2497
9469
3056
2184
0005
8237
7972
6324
1292
6300
0447
1031
8281
5677
9086
0795
3281
2354
9959
5093
1558
1300
9346
3883
0251
3405
8451
1895
7354
3957
0848
6792
7467
3033
7780
3720
3789
0008
5932
8469
1200
0948
6053
7342
1795
9631
4933
5116
5812
2547
7012
4973
5697
5629
4508
4817
9774
9865
8386
5316
8688
9750
4514
8818
3167
6021
0665
3824
0768
5934
3828
8296
0781
1947
6677
1867
0743
5797
1756
8672
2369
0371
1732
9152
4482
5208
7355
5505
4387
0190
8364
3861
3795
9798
5648
8779
5880
6949
9165
6481
0165
3164
5823
8867
8730
4057
0967
0464
2994
5255
6360
6178
0368
5189
1061
3602
0091
0341
1658
3238
5690
8120
2665
9779
7606
9519
6091
9381
4487
7837
0785
0387
3365
6765
5724
2967
1959
7973
7147
7163
0675
3135
5015
3961
9784
7323
8423
7951
8436
7005
7838
8096
8258
3002
2877
9203
0118
6423
2100
6679
2672
4137
7247
1344
5368
2515
5973
2229
5860
7131
8083
5562
8443
1522
8324
8207
6710
6551
6563
8911
9853
9396
4111
8151
0089
4606
1487
0367
6127
6318
9596
5466
3799
5565
8724
3476
9955
6992
6281
6526
4072
7302
6483
3937
7641
4257
5747
8278
3978
8599
2666
0336
0550
4105
9943
4340
4984
7350
7193
7857
2618
3989
2625
3227
1576
1755
3552
2280
0951
0034
7065
4034
5120
0605
2204
7111
6077
8101
5016
8431
4478
8807
4996
4873
5496
5574
1825
4216
4459
6403
9797
8170
4549
8918
6759
0614
8119
5892
4309
3519
2234
9028
5622
2732
4490
9894
6132
6240
7945
4808
9556
3317
7944
7941
6260
5382
2968
2573
2998
4191
4380
6768
4450
5943
7643
0166
3284
4442
4212
5035
3274
8272
4612
0327
1646
5431
9435
8591
3688
8301
1020
7465
8930
3222
9453
5012
7334
3338
4067
8865
8184
6461
9314
9820
6047
6315
9851
3004
6346
7966
3171
3606
1631
0198
1276
6042
8985
7037
7827
9270
0385
1417
1241
9067
3156
3881
5676
8929
2429
8572
0510
9775
4736
8815
5798
6170
8539
1680
4964
3294
9278
0870
2180
3423
4460
5007
1851
4595
5384
1847
8020
3102
4159
3431
8900
2519
4030
0659
5404
6893
7816
4374
3244
9685
8802
7876
6194
7599
8526
5332
6927
2322
0378
9478
9718
5055
8102
1167
8387
6812
9195
9145
8379
3836
3893
8067
6299
0920
0130
2503
9480
1537
5939
3594
5069
9126
0338
1841
5290
1366
5233
7298
9040
8417
9806
9246
4617
4983
7221
5337
1767
7646
9658
9398
9019
3353
4762
9454
9735
4390
3092
7027
2284
7602
9241
4852
5331
8718
4672
7371
7784
0180
5067
4560
4401
7981
9200
2886
7459
4117
1881
5319
9961
8934
9634
0122
3392
5295
5405
6914
3048
5564
0539
0162
5668
7071
7082
9877
0858
8466
1190
2553
4489
6960
8424
5237
3098
8909
5624
5157
5495
8317
5112
9375
4076
1490
3884
6032
9413
0935
7790
5345
3749
1088
7061
2517
0974
2644
0695
8647
5556
5774
8264
7386
6706
0257
9847
9441
8917
2032
9318
9102
6561
6348
3206
4029
5125
7802
4581
2847
9394
1242
4300
1476
0269
0677
9546
2605
0046
9974
7370
8811
2714
9056
8243
6035
4637
7764
2364
2456
4122
5395
6649
7638
8315
9356
0579
6771
6853
9857
7034
2279
9412
8444
8566
4081
2724
0312
0655
2200
4525
7392
4247
8640
8512
3661
4319
9507
7994
1864
9011
5610
6149
5305
8452
2748
0952
0961
1442
6613
4777
1465
8304
6784
6444
9104
4742
6290
6510
6788
4308
7859
2347
9622
7565
1060
3642
8130
6270
6507
8800
5542
8414
3307
1484
0546
0553
7442
7238
8638
5328
1694
2492
6186
2340
5989
0855
0396
8092
4992
8295
6500
6068
7481
4587
0328
4882
9133
4715
6905
5027
8349
0305
5886
7811
7897
8563
5898
6287
6480
4576
9136
1170
9994
0216
5751
9130
2463
8211
3637
4929
1327
1642
1056
7078
8212
4480
0429
6564
2855
4533
2148
3762
6578
9965
5881
9997
5098
6530
6861
4316
8553
7728
7041
8695
3684
7405
6473
9023
5647
6096
4899
7054
4220
1627
2944
4969
7110
3099
5191
0134
9766
7102
2895
1232
4051
2306
4292
4909
8319
5763
9571
4420
9167
8581
7124
9926
3823
6633
9094
0116
6083
2979
9060
2064
9520
1607
3855
4471
2875
7483
6843
6901
7625
5773
7803
6816
8146
7519
4219
7529
8230
9317
0092
5160
8727
6826
9927
4798
6838
0782
3024
3085
8194
3458
9984
1068
5738
2128
5317
4234
0807
3593
4417
7993
4554
6205
8604
7454
9111
3376
0181
5909
3252
7072
4788
1098
2956
5121
9176
3732
9824
0535
6626
0006
0426
0856
0753
2997
0851
5730
4797
8707
8862
5230
1583
2075
9704
2533
3738
3112
9276
8079
8653
2362
7808
3157
5284
5269
2253
0145
2419
8468
2566
4861
9968
8583
1630
9892
6395
2195
2857
0965
5573
1268
5979
8873
2720
6966
5169
3066
9154
4006
1150
6951
5349
3874
9322
9862
3643
2638
0587
5301
8137
3786
3843
5992
1435
7123
7743
5177
1516
9746
3341
8209
5591
0565
6798
3054
3416
4661
7024
4449
5308
6896
6095
4155
3306
8292
3600
7203
8378
8001
8652
2563
1636
5047
7499
3581
7419
9113
6332
7992
4625
8803
3582
9729
3541
4069
8448
8403
4667
4167
4793
6171
8343
0697
3936
9443
6989
2225
0356
0036
6576
2595
6940
8988
1581
5642
4134
5785
8936
9796
4092
6496
1454
3419
5927
7086
7448
6250
1720
1792
2596
4381
0399
7104
3721
4317
7301
1763
3703
6199
4153
9663
2650
4590
6316
4379
7927
2658
6476
4795
3144
3495
9184
2057
9529
0073
4037
8714
9510
4463
0493
2871
9069
0863
5166
0959
1816
7929
2752
6920
4146
1223
5954
0784
4838
3170
5286
6827
5851
4864
4976
9557
0075
6703
4832
3005
7228
2131
5721
0355
8376
2722
4971
6192
7287
2058
8381
6770
4818
9041
3382
7907
3349
5487
6754
3892
4036
4008
5052
5246
5749
8577
7116
7768
9300
8656
0970
9046
8032
5078
5883
7678
4767
7049
8246
3938
2351
8626
6356
2094
3023
0353
2330
6724
1172
1835
0843
6850
0054
5139
9574
2862
4823
1383
8013
3248
3430
2070
6943
0841
2163
6101
8495
6279
7063
5801
3129
0994
3295
2219
0462
3801
5433
3965
8750
5621
1162
6687
5527
3574
4947
7161
3652
4453
3020
9760
8556
4586
9407
0013
9534
6116
2749
2037
2413
7598
2188
7657
6501
2615
6653
5899
8064
1446
8861
7908
9770
8894
5389
0751
8691
7812
2360
5660
5718
9501
7492
5537
6314
7959
8050
0212
9222
5811
1286
4252
7674
3009
5947
3530
9029
9171
7821
0364
8439
9484
0213
7630
4982
5428
3635
8654
9600
1450
9327
0184
1863
7957
0857
2208
0532
0471
6333
5304
4042
1222
4784
6586
3265
9036
1153
0337
4348
2055
5793
0831
4427
3044
3750
1321
1288
5810
0292
4087
1059
2099
8022
3241
6716
6577
0370
9826
6957
2971
5484
2981
8954
3933
5771
4078
4840
8920
5026
9479
3125
0562
5970
1789
0199
9897
1413
4790
8178
7582
1850
3118
8328
7695
9642
5270
7543
8587
9139
8023
8034
6261
7144
9414
6066
4962
7022
9106
5545
5820
8923
3239
2613
4290
2491
0418
2725
1358
9773
3655
5079
0286
5438
6899
3429
3763
6249
8709
0453
9264
9321
7636
0477
5390
9287
2583
4158
8006
8169
6841
5103
3233
0498
1654
0263
8931
7620
9758
1900
4279
3948
8494
2217
4293
0663
8753
2543
2674
4604
2700
0400
8097
1336
3223
0163
1042
4626
8511
4491
5836
3747
9325
6890
1552
5264
5958
7522
7353
0937
4559
2950
5893
5241
2717
3411
1543
6421
9486
4186
7666
7578
8711
6497
4701
6057
6815
8307
9995
4020
9934
0240
0502
9071
7767
0415
9732
7692
9467
0010
5704
9799
7683
1865
8509
3314
3408
8801
6934
5712
2044
9124
9341
7276
2033
8940
9916
4681
4516
8214
2559
3237
2098
6275
6639
9871
2940
1173
7143
5945
8895
4881
5603
1620
2090
4133
8450
3474
0468
7547
2472
5463
6019
8650
7874
7482
0229
2987
3822
0102
7309
7573
7282
0576
5719
4241
7160
7425
8322
2934
0301
6540
3767
8085
2133
5058
6627
6568
0021
8365
0621
0151
8188
8395
7955
6944
7942
7510
5782
4975
8763
3012
6379
0755
5219
6621
9708
8851
9269
2933
8380
2261
4951
6915
0150
3221
2215
1186
7033
0061
0460
7626
4283
6089
7180
7918
9391
1689
4895
2395
5528
0080
4185
6131
9449
3619
4928
9258
0648
2835
0496
6581
2150
5088
7173
5261
1085
7137
8141
5087
4524
2834
4577
6651
1443
9151
4210
6961
7618
4394
5806
2995
0947
4830
9786
1650
3082
7246
9985
6302
7018
6044
7752
6930
0332
0900
7003
7872
5296
0700
5164
5767
0914
4197
5921
5628
2445
3921
9599
7888
3094
8634
9660
7138
3388
5779
4773
2786
3404
2466
3479
7397
8869
5126
7805
3687
6918
7040
7607
4406
1579
2651
2031
3367
4035
5627
3850
9359
7289
2751
3943
2185
6467
7498
8999
9950
1159
7488
4965
5221
8455
8965
8340
6291
9570
4977
4946
9913
0186
5435
4534
3752
6797
3830
7388
8547
2737
8113
3475
9814
0908
1451
7523
3293
6800
9588
1711
8974
3620
6071
9828
6334
8799
0745
1653
4854
6575
7062
4103
0043
1026
0271
6550
1637
9083
3847
7251
0256
2792
1674
5086
3815
7650
8722
0144
5601
5526
7892
7679
6351
3390
0079
6123
4710
3776
4437
9428
7725
5019
3439
0232
1534
5701
2647
5879
4917
1058
7766
0733
4166
6011
2079
6511
8493
1671
2900
6433
2483
5203
0769
0814
1660
7391
1158
0022
9598
4229
2377
5485
8859
3081
2018
6680
6831
5493
7312
2614
4914
6519
8545
8995
3831
5460
5981
8618
5764
3956
8404
8976
8236
7719
7084
9363
6284
8762
4998
2954
6307
9731
2493
0774
6133
4236
1249
6925
6661
9191
7924
0298
0950
3974
1467
0619
2479
5716
3911
6029
9964
6604
5759
7682
7763
7121
2872
3109
3780
1794
3131
5192
9450
9355
6435
2738
3175
7550
8716
9141
3939
7642
4722
2778
0280
3123
7277
0762
5625
7479
9065
7420
1858
0631
9419
9433
7903
1561
2983
9473
4623
8163
8256
9127
5907
2067
4561
0452
6570
6340
2415
0862
7758
4858
4552
8063
0215
6674
9038
2868
1510
7561
9906
5902
6885
7080
2682
2038
7514
2957
5558
2282
0549
4451
4889
9031
8537
4855
0049
5661
9487
5935
9730
5593
3261
0864
2129
8470
6106
3601
4588
6341
8174
9909
4609
7177
3460
4282
3457
5742
7088
6509
9899
6033
8507
2942
7357
9682
2845
5267
6309
2790
7782
1686
8449
7701
8938
2899
6229
3645
1311
0508
9941
9712
5550
9204
0209
2524
7813
5020
4352
1237
7384
6522
1594
0388
8949
9115
4408
0975
4125
5071
9705
8061
2915
0403
3084
7349
7269
4272
1137
0586
4170
2935
3567
1388
4792
1675
9319
4763
3677
9351
8491
3461
5790
1459
5863
3059
4743
5108
2366
0270
5456
2964
4314
9305
3550
5114
9217
9856
4705
6405
7029
7658
8922
8504
8683
0652
0796
5685
3403
7423
8382
9223
5089
9316
5074
9673
8478
2087
5819
8297
4569
0757
4803
2439
1894
1673
2530
6419
5072
2461
0886
6283
8255
4312
3116
9586
9349
3191
7621
0764
4124
9408
7426
7503
6209
3907
3648
7275
5708
9793
7677
5532
0846
9860
8269
3050
4046
3865
2952
0913
5240
5011
9485
0014
6962
0346
8586
5641
6516
5780
4759
4182
8076
4700
6698
0637
0600
9043
7476
8678
9706
6365
1426
0629
2560
8087
9475
7649
2908
4868
7058
5448
7315
5497
8579
3775
8074
5516
3669
7806
0098
7198
6391
4650
7541
0589
4723
0395
6415
1729
0228
6665
7895
7917
1419
8056
0440
8318
1639
9229
1283
0595
6248
6983
7958
4376
3394
4685
5222
8057
6623
5729
6758
3406
8919
8886
2581
4966
5450
3086
0062
0069
3618
0761
1862
8710
9006
4853
2072
2207
5172
9280
3199
1375
9459
1345
1659
5315
4874
5609
6569
5153
6486
7815
1291
8323
3482
8199
9578
4398
6245
2303
9132
4071
8487
0819
3228
8783
0547
1896
8392
6158
7761
9801
9084
9890
7622
2356
7590
9783
8029
6859
8729
9772
1253
6673
6136
0736
8341
4470
3511
2671
3733
8131
9103
9928
8615
8544
0691
3839
9481
2925
1750
2730
5737
9397
9726
7185
5423
0877
0238
1744
9561
7881
7428
3160
9388
3562
7709
4841
2917
4250
1665
5508
0358
7235
9207
5833
9302
2668
3992
9980
6465
7681
1250
1229
3072
8984
9026
6372
3285
5092
0436
7675
9880
3632
5294
9895
1557
6531
1679
1556
6147
7539
7689
3489
6384
7748
7564
7635
9553
8531
5022
7910
0514
2288
0660
3268
9662
8594
9992
9802
6145
3973
7500
4727
8866
2119
6215
2281
7007
0901
8570
8860
2585
3590
7290
1712
1715
3816
4939
3138
8792
4363
1166
1938
5436
0960
8213
7107
3469
8842
5783
8173
6515
6638
1771
9905
8182
2427
2256
4493
0497
3037
6424
9489
8503
5091
9362
6878
0800
5864
5037
3022
2155
3121
8657
3224
0183
9492
0293
0099
5314
3657
8541
9297
7696
2843
2263
7304
0450
6884
8458
3981
2116
1455
5099
4506
8271
4245
4079
2555
7050
5652
3168
2841
9018
3326
0191
8769
0352
8385
4686
2455
0989
6910
7201
7694
0902
5948
5306
6685
8247
0194
4175
7934
4237
0157
5056
0590
0996
4538
3580
4287
8876
0350
6449
8393
9048
2932
2464
3113
4887
8993
3038
1695
3555
7839
2271
5547
7083
0086
9627
4068
6554
8277
9936
6993
2385
4123
6736
2158
9284
2137
7219
1554
9882
9432
9821
2209
5538
9733
4148
2616
6532
5670
3638
5520
3177
1460
9425
2086
0377
4579
9978
3914
7306
9096
1489
2088
5259
8550
3028
7385
7661
6811
3751
1163
7095
0887
7563
8516
7008
9687
5743
5776
3494
5723
3885
1372
2092
7427
0485
7828
4836
5082
5807
3093
0896
0845
4416
7393
3402
7210
7430
3564
4892
8251
6847
7135
2572
5406
6051
0469
9418
6566
1624
6417
8602
5985
5303
8935
2520
4221
7738
2816
4461
9098
3614
0859
1389
7222
0121
7406
0093
2266
9576
8197
5238
5401
9822
3504
7671
7998
4643
2394
1028
3143
3858
3735
6282
4843
9981
9606
5755
0372
4305
8088
4254
2881
1889
1840
4717
3395
9767
3608
0376
8305
2336
1258
8275
8561
9079
4813
3548
8756
6842
5346
7592
7652
8856
9376
3387
9635
1035
2091
8942
0758
2199
8227
1615
3308
8104
4677
2731
8689
1685
0492
6259
1628
5637
5457
0282
4052
8667
9007
8039
0053
1055
4770
8352
7230
4776
2564
2763
4732
7496
8767
6886
1259
2138
7732
0618
6084
0699
0923
6256
3856
9374
0004
4944
9248
2551
4647
3741
6088
6658
8339
9742
3900
7871
7254
8734
3266
6141
0871
7424
4365
2576
4335
5107
6036
5513
8220
3770
2856
9512
1063
4632
3988
4246
5129
6191
1584
4972
5696
0159
0640
0147
7087
9358
0603
4994
8447
1656
9014
3057
3723
3219
3189
4110
8354
9831
7119
6902
8983
6007
4877
4310
8629
9710
6913
9669
6867
4648
4373
3730
9524
3710
9568
9621
3894
2216
0158
4156
9788
8796
2157
4721
8084
9791
9593
4687
8024
5299
8078
3453
4807
9544
8679
4828
5475
4988
5966
4594
7151
4987
2567
9357
6964
7884
4679
9483
0244
6505
9226
0943
0656
6584
2192
4344
4520
2793
2246
7081
4458
5672
2028
7745
6808
1399
1075
6264
1586
8179
5066
5215
1448
7070
7168
6939
6361
8939
7292
5374
1830
7873
4809
2506
1270
0611
3346
7299
3918
9042
6877
7971
3083
2167
9415
4775
3753
5036
1824
1790
0906
0811
2685
0826
3201
1909
4012
6337
3647
5576
8160
9105
3240
7869
9169
4948
5739
9737
4769
8409
9893
0661
2169
9192
7750
9624
4303
8059
9463
3047
3660
7513
4501
0541
0744
0255
9281
2818
7807
6477
5017
7118
3052
1853
6441
1330
8839
2975
1277
9259
5530
8060
6357
9491
4940
9474
6100
7268
9081
9699
6058
8394
7409
8044
9539
9156
2410
8454
3324
7664
2022
4989
5442
8848
3667
5193
9591
5358
3190
5535
3466
9410
7314
1067
7416
6189
8668
4997
0984
0750
0794
6222
1782
9976
7997
6013
6213
1725
9993
5669
4518
6543
9177
9091
7505
9915
4032
7000
1332
1099
4351
9946
0416
8764
0570
3368
6789
6796
5822
4629
5975
2800
0458
9131
4662
1072
8446
5370
8219
1539
1752
9963
1697
9530
0026
1065
1706
7267
4475
6487
0924
3745
2869
7865
8567
8150
4847
5905
5397
5805
2248
7028
6933
6682
6107
0402
0084
0325
2224
2754
0686
7536
0141
3681
7612
0117
2346
5355
3514
5453
5988
4639
8263
5514
6111
9383
0786
6591
9891
1728
8628
0047
9535
5062
9717
2165
4395
1564
6644
3456
0375
5483
3220
2946
3967
8171
6753
8632
7938
3641
9878
9922
7676
1746
0442
4280
0955
7609
3576
4883
9983
3249
3622
5829
1441
9830
2649
9466
9183
1294
6717
7557
6429
8737
6161
9013
1316
5766
1097
8093
7321
3665
8947
1195
6232
3662
7445
4693
2440
6312
3916
5800
7739
6994
9787
3540
8222
2328
3271
9470
1416
8072
3611
6277
3517
8419
3383
7196
0732
2230
8268
4485
8127
3728
9506
8943
7691
6104
6828
1775
7911
8715
8558
3078
6364
2913
5608
0720
0615
4248
3599
8147
6618
6903
5874
6358
4266
8777
6185
6041
1529
1049
0289
6650
0474
9271
7401
1566
0140
3280
9696
4053
9099
3035
1466
9536
5256
2111
6052
2568
0481
3297
8126
7418
8703
4729
4120
5914
8183
7159
5218
8981
3987
7624
3727
1096
3480
6602
1251
6846
0283
9166
0484
1213
0029
3091
0798
4614
2391
9937
2817
4642
4382
5253
8165
2863
2928
6373
4938
4251
3897
2842
9875
0596
2471
4673
5993
5437
4551
8203
2561
5008
8441
5714
4911
0563
3826
0873
6498
0792
0972
9205
2593
0023
7417
6442
7933
9677
6729
2840
3971
5266
7511
0360
1524
5476
3668
1740
1408
0446
9072
9972
1359
3719
0461
4164
9422
2513
7303
5168
7473
3075
7572
7421
7194
8741
9053
3533
7870
5064
7864
6760
9112
5585
5217
5330
8390
1605
3659
6718
9164
9330
8636
5001
7645
8498
9249
6740
4985
3279
6359
6139
7640
6945
6478
9702
7668
4206
3150
4912
1046
2865
7727
7960
9538
7142
0315
8082
6482
7814
7158
8955
2941
0828
6102
6686
7623
8721
0169
3560
8957
0694
6689
6894
9811
7076
8025
1143
5861
5310
8260
9580
5894
0584
6805
7928
5612
8972
7954
2827
3375
5206
4147
7787
2318
2916
5745
4978
9085
7449
0627
6293
3111
6917
0040
8619
8148
9625
6142
6225
6276
8961
5933
4154
9938
2708
6738
5479
8649
8206
5500
8375
3666
7311
8825
9781
0572
1874
5709
0899
2082
9020
6469
1787
7963
4932
3772
7867
8843
3193
3549
8467
4509
8187
8422
6172
1027
8401
4259
7188
5480
7552
6881
2879
3484
0910
0575
6386
9911
7376
3982
3471
7032
3302
9651
9448
2024
5154
6446
2051
9896
4510
6935
7227
8787
4038
3963
7456
8805
3520
5835
6670
7493
3917
8826
2139
3451
5175
0237
0574
3748
6402
2016
0635
5335
6777
9525
1262
7279
6098
6617
2578
4494
4846
4720
1577
3357
4402
0544
2982
5455
8223
6744
5096
0679
6701
9100
6196
6873
3513
0978
2378
8330
1422
4013
0610
8003
4370
5834
3976
6138
7589
3352
3848
9807
7249
4088
2126
1508
9698
8367
8660
6121
0281
4130
0639
0895
7717
6749
1495
5781
0571
7157
5636
6168
5176
1611
7819
4353
9542
2052
5924
2257
1856
6756
9174
8321
9587
9382
3725
1400
0805
7515
6809
7540
8881
9027
0564
5920
8011
1363
5604
0930
5357
6919
8788
8671
7010
2893
0766
5750
8706
9908
8149
2095
3500
9497
6923
0956
0756
1559
8870
1960
5498
6210
5207
3336
7030
2848
8933
9372
1382
9178
1714
6418
8186
6388
4591
8133
3209
9499
9004
0827
5961
8830
3529
4712
7232
8682
0366
4906
1430
9854
3851
1570
9579
8286
5765
7605
5212
9962
8693
7946
1935
5787
9080
8941
3025
1052
7067
9695
8562
8045
5623
0931
5265
3256
3781
3373
3991
8461
3351
7313
6454
2904
4005
0016
4288
5161
3315
5511
3808
6863
5472
6294
5411
4299
4396
4937
3821
1546
5313
4557
9219
3264
7570
2897
4271
8473
8813
8712
0249
5814
4403
6129
2359
6761
0946
0161
8485
6536
9522
8620
8107
1916
9476
7969
6335
5111
9157
6793
4393
7984
0664
2764
8529
8674
5794
3036
2636
0081
4355
7017
0844
4922
4021
4513
6692
3235
5135
0609
2784
4286
6022
4635
8262
5998
5620
6634
5146
0646
8116
4608
4419
5870
4315
3841
5569
6187
3895
9215
8128
9751
8033
8593
2634
6162
0278
6406
0020
8534
0944
7105
4746
1367
9618
4821
2232
2162
2235
3888
9380
8332
2164
6331
7211
9707
9445
4268
3717
5248
0380
2321
6553
9861
6207
7042
7141
0860
0825
4097
2444
1718
8692
0031
8857
2542
3499
4675
6120
0393
9602
4095
5984
6027
3968
2083
4656
7464
0598
9260
3470
2825
6560
8740
8369
1135
2034
2076
7556
6306
9172
7795
3852
2579
4201
6018
1183
2756
8772
1774
4735
8641
8508
2936
4502
4908
7374
9082
8797
0513
2291
1117
0597
1093
4275
5991
9197
2694
3545
0359
0408
9813
3849
9559
5595
5474
6589
5418
9122
3742
3045
7576
6714
4897
5002
7601
5327
0938
4447
9392
0243
1754
3409
7453
3410
7759
9455
9285
0386
5101
7597
7415
6045
6151
5748
2179
6840
7174
1335
3557
9198
6286
1651
9672
8208
5768
6767
4225
4930
3398
0299
0847
4697
2768
5572
7172
0531
1360
8038
9010
9092
5158
3926
6959
7440
5339
1156
5957
7595
3940
0687
6990
2343
8576
0569
0929
6443
7048
3363
9500
0334
3275
6713
6203
4766
2601
6407
5131
8793
3754
5080
0206
6350
4953
4904
4089
0552
5557
0560
2721
8726
7398
7647
5568
9577
8112
9975
2931
3878
5363
1536
3708
1161
3300
7756
8132
9326
5213
9277
2294
9438
2221
3731
4386
1791
6750
2026
0658
7593
1033
5054
3132
5617
8953
9957
4875
1238
6629
9429
4019
3232
5734
5844
7516
0680
1761
3889
8979
8663
8781
8814
4226
6236
9879
2120
1499
0674
4016
5311
6273
6610
2059
8773
8240
2779
8010
5204
8742
6573
5195
6005
3809
0488
9925
5065
3463
3979
0348
3702
5061
9842
4706
6844
9848
7962
4903
3229
2186
6146
9617
5353
8932
9095
0044
9923
1648
0682
2355
0731
6115
4571
5277
8637
9442
5041
2096
3236
5307
8970
3420
7978
3335
4530
6338
9838
6124
6835
8053
9209
1753
5234
6425
0698
9725
7988
2798
9613
3018
9283
8345
3722
3573
6082
8601
9789
6389
2984
5952
2460
8075
0875
3503
5890
8300
5804
5023
4119
6659
7460
3908
9528
3320
5653
7721
0311
5278
1897
0495
4698
3993
5490
6535
0594
8294
8937
3896
4378
3807
0476
6399
6012
4366
0537
4923
0188
1723
5400
9632
9940
8795
8590
6344
0823
5444
9778
0676
7352
5971
0127
8630
9430
6246
1698
8853
2156
0669
4399
7152
1833
1145
6580
0090
2541
3067
7450
8782
5675
3323
7207
6015
7617
5282
3288
2775
2907
4849
6609
8310
4214
8732
8373
8966
7237
9870
3863
9354
5799
5680
1882
0657
7628
3869
4824
7989
7848
7746
0222
2996
9829
6327
5409
8217
0369
2758
7183
1562
3994
2339
4000
2669
8434
2882
4192
6075
4422
5235
4176
6072
2582
4492
3934
6118
2584
8606
7236
4961
6782
2801
4479
3829
2597
4593
0309
9005
6163
3309
6866
4780
0585
2866
4747
8089
7900
3670
9495
3953
5942
3578
0170
2383
3862
1661
2039
4383
0672
3043
7438
8589
5539
0095
7542
8517
1568
4468
7845
3790
4688
7103
0236
9064
9370
3299
4058
0139
0980
1280
3053
9551
5188
8299
7343
2535
8592
1263
6712
2352
1820
3820
1600
1582
2966
6542
7129
3616
0527
3903
3292
0783
5501
9768
7885
4547
0688
9713
5838
3017
9825
2785
7690
8142
0890
4140
9560
8276
2421
4660
9216
3152
9666
5700
5410
6965
6941
7698
6412
0381
2123
8871
1266
8610
6600
3935
0041
2894
6073
4573
0934
3447
3585
5926
0670
6267
3805
6888
4737
6398
4025
9949
5145
3196
8195
0266
9734
7670
9765
9208
0518
7639
0489
0878
7333
4540
0778
1193
3853
5136
8062
4484
8359
3902
0582
4203
0455
5563
4805
1151
9055
6174
4827
4556
6422
3158
2035
7940
5165
9655
2159
0528
7364
8115
4045
0234
0692
2054
1859
7395
4713
6552
6790
2260
4325
7863
9764
3154
3174
8584
9114
7366
7218
5607
3515
7974
6783
6938
0749
3758
3617
6572
8117
1690
3929
0963
2029
8913
7693
3706
4826
1420
7213
5772
7021
7826
8743
2388
8159
5996
6059
8368
4255
5367
8658
0160
3178
8490
4958
3604
6802
3871
5471
8091
8889
5875
5378
0933
5908
3930
8849
9052
6734
7961
5229
0472
9819
7199
5613
9144
9212
3905
1747
9063
0940
6875
2438
2432
8635
0064
9108
9379
3449
2695
9850
4602
0551
1421
5210
2238
7344
6668
3960
9078
7700
0748
0351
7231
7502
8565
7741
5862
0284
0067
3673
5919
8719
4950
4913
2302
5302
2286
8863
1662
9867
7112
9700
8775
9121
7341
4624
5143
5962
5006
6662
5216
0561
3049
4708
6231
1657
4755
6396
9462
9003
9138
9763
0246
0854
8428
8139
7340
6394
4935
5895
5134
7165
4772
7862
0630
6495
9780
9306
0149
8958
4783
8400
8357
3925
0613
5684
6224
1474
0431
6755
4786
7562
3060
3358
5285
5504
4724
8333
5119
1733
2481
1838
0995
7783
2921
2178
9840
5570
7840
1473
3904
8216
6887
5462
9670
7825
4837
6093
3644
0267
8713
9345
3713
7389
9855
8456
4607
5393
6152
9722
3880
7400
8829
5791
9776
4543
9845
6023
0105
8808
2760
1797
3192
2943
3927
5884
6911
3689
8177
0052
1760
9914
1064
3202
3427
8440
2045
3864
4086
2518
0088
9401
0097
1878
6856
0178
3260
9490
7073
7431
5361
7259
6414
3332
2418
6952
3188
9024
7092
8532
5171
3783
5043
0840
1496
7367
1390
3273
7154
8303
6813
7348
1094
6201
3187
6764
2591
1803
2822
3572
7663
7127
3153
6311
7145
7637
2416
6521
9272
2838
5630
7284
8996
9869
0024
6807
8759
7604
4028
1822
0957
6684
2629
0294
2293
8603
3913
6693
9016
0409
6631
8927
7879
8892
8066
2757
5688
9364
9440
0763
3225
5336
0152
5163
8309
5796
9947
0037
6620
2617
8499
3983
6485
4760
5606
7627
7702
7706
5334
2648
3556
8435
1676
5809
6251
5960
6167
4740
6794
8228
3019
4410
2743
0842
0888
2367
4091
7585
6037
7458
7295
6436
0066
9120
4816
1555
0233
7380
4500
2349
4253
9097
8021
5821
4323
9676
2081
8968
0265
0567
4507
8253
3327
7662
9254
5318
8071
7970
4819
8552
2317
8739
9062
5364
7697
7769
8774
5402
2292
6597
9503
5048
6974
8233
1736
6929
8334
6882
8681
9402
2767
3468
0983
7538
8336
9508
0760
0083
6499
4631
0791
7760
1297
2285
7905
4955
3972
0747
6198
0274
1888
0673
4082
3695
5223
5439
2844
8231
9638
1692
7255
2782
8669
9061
2780
6558
2693
8185
9068
0494
5916
0279
3613
7266
7270
5549
0167
5903
9930
4536
1391
8597
1799
1623
1449
4658
0143
8249
4434
5605
8847
7707
3509
8077
1708
3678
4799
8997
6709
0999
1574
1440
9996
6463
6976
0548
4415
1192
9761
4059
3277
1954
7653
0874
7239
9253
5236
5956
9654
1101
8908
3267
9533
6611
6437
1365
4232
9675
9944
3704
3797
6272
3877
6285
0068
3374
7122
2442
8239
6862
7844
9641
9589
2146
6907
9353
5529
3397
1115
8486
8407
2396
0189
7462
6549
5244
3272
4499
3553
3804
7197
8241
3814
3214
8990
8136
5931
7195
6830
6408
1130
3977
2333
9135
6593
7567
6289
8019
8690
1240
4684
1908
8496
3658
6555
8285
9649
8204
9386
0361
4621
2999
5736
7747
5408
4215
7280
9173
5340
7098
3922
9977
5231
6608
2040
5882
8041
0742
6643
3016
6269
7665
8302
2315
2880
5752
6217
9406
2746
7953
5347
4359
6625
0002
7935
2715
7461
4388
6050
6579
6460
5482
8794
8835
8342
6954
5252
5744
9389
8472
0025
9058
7996
4075
4941
1848
1541
4915
6304
0884
0076
2698
8111
0775
7039
2220
2988
6733
9054
7387
3859
6986
8613
8353
0773
5852
5398
4528
8205
9170
0838
1039
6266
8221
8928
0454
9904
8338
2242
6953
5687
6678
4139
9883
3454
9564
4199
2740
2384
4476
1667
6726
0730
3115
8798
0816
8355
4563
2891
5470
6230
0383
7860
0770
5928
1670
0636
9703
3493
2562
3920
4731
9367
5214
7373
9754
8896
3866
4326
3046
1869
9841
6451
9839
7439
3906
3147
2521
9482
2640
9945
9982
9701
0559
4952
4430
2066
3686
6837
8538
2974
8298
4683
5416
6908
